image: FDG2.pgm
resolution: 0.020000
origin: [-0.204924, -2.310097, 0.000000]
negate: 0
occupied_thresh: 0.65
free_thresh: 0.196

