image: SMH.pgm
resolution: 0.020000
origin: [-7.563062, -18.191740, 0.000000]
negate: 0
occupied_thresh: 0.65
free_thresh: 0.196

